time,x,y,z,phi,theta,psi,x_velocity,y_velocity,z_velocity,phi_velocity,theta_velocity,psi_velocity,rotor_speed1,rotor_speed2,rotor_speed3,rotor_speed4
0.06,-5.89360620958e-07,5.12958122725e-07,0.00648315751396,0.000384401724406,0.000429100450599,0.0,-4.8649460951e-05,4.2831214954e-05,0.216088538696,0.0168535821596,0.0185790280625,0.0,470.67831803644685,472.1136562341231,472.5541286224553,473.8511888682823
0.12000000000000001,-1.70226523877e-05,1.50713962575e-05,0.0229260554878,0.00116847781856,0.00163581031125,0.0,-0.000620419655518,0.000537520496018,0.331980642999,0.00415250516384,0.0230133222012,0.0,442.3577105077137,442.7226239226435,441.9393711617701,440.89131844653053
0.18,-9.88580188659e-05,7.61994643682e-05,0.048796690251,0.00159883750876,0.0026713900168,0.0,-0.00225237408409,0.00154029398903,0.530301982308,0.0126162096758,0.00211269798053,0.0,468.8835898851195,467.25722777619654,465.9982733653833,466.6591922219509
0.23999999999999996,-0.000308260622321,0.00021618683447,0.0903774234888,0.00209231384537,0.0030620489692,0.0,-0.00476384808414,0.00321281904176,0.855536462179,-0.00245070561137,0.0141087217674,0.0,503.45479471915144,504.32177624206355,503.97403038640505,502.8838883851115
0.3,-0.000664289040718,0.00045461248699,0.145647788079,0.00268403692437,0.00443494040124,0.0,-0.00722612115959,0.0047659788308,0.986704111284,0.0271743436612,0.0363159749641,0.0,445.69898317188495,447.5100993087356,447.06772627234017,449.4747150530698
0.36000000000000004,-0.00120573429566,0.000807548212496,0.209507956665,0.00461216863911,0.00643824927123,0.0,-0.0110525621547,0.00719576512316,1.14182400011,0.0405625251434,0.0267764164412,0.0,454.85461131671684,454.09050226981344,455.0855028005149,456.1560999057667
0.4200000000000001,-0.00203086999191,0.00136094236055,0.284408878662,0.00684565721688,0.00803210918544,0.0,-0.0166403746899,0.0115277389774,1.35464282695,0.0295383089969,0.0261368137005,0.0,473.15885076322087,473.1097192894369,472.58004848289283,471.7301781221185
0.48000000000000015,-0.00322269081891,0.00221932761682,0.371251754789,0.00816797793339,0.00972127747926,0.0,-0.0232720518164,0.0172693645327,1.53988560942,-0.000456327110822,0.0319067569162,0.0,464.560329537869,465.01266555724976,466.3198729039866,463.9711606019697
0.5400000000000001,-0.00481322716387,0.00341221978978,0.465187887573,0.00812935242234,0.0122445182766,0.0,-0.0299604746909,0.0224899761626,1.59124613716,-0.00102131292237,0.0570681848668,0.0,422.26352162059106,424.42933823250416,423.8410937563115,423.7925520945686
0.6000000000000002,-0.00693176558629,0.00496373666649,0.567913251417,0.00793934549706,0.0152327799822,0.0,-0.041055345338,0.029209344279,1.83257230691,-0.00784619065714,0.0284651356919,0.0,483.8795351783466,481.722888026535,481.6261153314291,481.10976068603327
0.6600000000000003,-0.00971188032524,0.00687587392094,0.680544088445,0.00728880598671,0.0174197237523,0.0,-0.0518118812495,0.0344718842684,1.92164021485,-0.0176326711958,0.0489253638861,0.0,435.7678312967292,437.4752921288208,437.2778545832653,436.46201149727233
0.7200000000000003,-0.0131820998599,0.0090868206051,0.798308609473,0.00601355801141,0.0202808244034,0.0,-0.0641476475381,0.0391105692177,2.00369846847,-0.0297121908969,0.0450820686684,0.0,435.5226665118306,435.20254455615463,434.81492917255906,433.80180869035564
0.7800000000000004,-0.0174008612821,0.0115346230793,0.918671515405,0.00428713975341,0.0228125570135,0.0,-0.0767084049098,0.0423285299132,2.00838557812,-0.0269599645175,0.0356890475668,0.0,409.8973939449149,409.06296311643985,409.70979430849735,409.9540938726261
0.8400000000000004,-0.0224395022355,0.0141492811645,1.04030654299,0.00275509712715,0.0247453153751,0.0,-0.0914348642126,0.0446804121452,2.04604400663,-0.0228250639275,0.0241521556047,0.0,421.3884523754899,420.3904564285125,420.41089747018066,420.76883732007553
0.9000000000000005,-0.0284143294123,0.0168788419439,1.16494570377,0.00126773233136,0.025902256245,0.0,-0.107851391018,0.0461671463005,2.10847779731,-0.0290393813792,0.00712855241118,0.0,429.3508171036545,427.9041207646533,429.66693310327054,429.13966597065127
0.9600000000000005,-0.0355183745651,0.0196718811198,1.29809408885,6.28226676225,0.0271690971282,0.0,-0.129051739893,0.0467068636816,2.32937471125,-0.0584273199222,0.0400510941751,0.0,476.94013586170007,479.4478888570958,478.7729224847075,476.53116192960766
1.0200000000000005,-0.0438730857185,0.022439586547,1.44233788519,6.27885967539,0.0294301884548,0.0,-0.149685574372,0.0451729789739,2.47843163782,-0.0536881694011,0.0324753195864,0.0,458.46956866588,457.8679023731522,456.4864669468989,456.8623526390819
1.0800000000000005,-0.0534492884404,0.0250516527052,1.5933224046,6.27531341096,0.031950983932,0.0,-0.169741126417,0.0415667388488,2.55420938679,-0.0730575877115,0.0563391643013,0.0,435.3147497631653,437.30798102153267,434.9565803762423,433.3287354403563
1.1400000000000006,-0.0642702409451,0.0273763908982,1.74842189242,6.27119821704,0.0357779768369,0.0,-0.191303002284,0.0355177901744,2.61561764228,-0.0608837889885,0.0755801674148,0.0,430.1816772920846,431.8108738094482,430.4853885443515,431.51049017716986
1.2000000000000006,-0.0765489063562,0.029230631281,1.909541676,6.26745690811,0.0400207773854,0.0,-0.218449787792,0.025896343063,2.75469109025,-0.0654718779016,0.0585762475658,0.0,455.287016559301,453.9281768582554,457.10514219427483,456.7366799699149
1.2600000000000007,-0.0903662409296,0.0304973336209,2.07460693275,6.26372521221,0.0434946561947,0.0,-0.242430303016,0.0159977282505,2.74748037777,-0.0563389768351,0.0565063319671,0.0,409.55824676619994,409.37673632923185,408.8384974874274,409.648237436088
1.3200000000000007,-0.105734753683,0.031082942998,2.2404144947,6.26018239741,0.0467707239155,0.0,-0.270157423185,0.00320700165875,2.7793369816,-0.065099827621,0.0504907515885,0.0,422.9009770699046,422.3846569917518,422.684151570631,421.92579235531593
1.3800000000000008,-0.123084257578,0.0307049841692,2.41354108431,6.25605526617,0.0504276970017,0.0,-0.308537818462,-0.016266745763,2.9909830812,-0.0774168961451,0.0763061453499,0.0,477.26337648201064,479.2318614949067,479.04516255602675,478.1043914668181
1.4400000000000008,-0.142679025694,0.0291390838251,2.59640636892,6.25141702451,0.0550237804058,0.0,-0.345083266438,-0.0364029050483,3.10417941607,-0.0770793743347,0.0771850964302,0.0,449.62661139335773,449.70238061621575,450.27464362358,450.2972904323402
1.5000000000000009,-0.164456727427,0.0263299345361,2.78414259202,6.24669078186,0.059637572833,0.0,-0.381270397474,-0.0576713207759,3.15351118183,-0.082385876156,0.0763134428279,0.0,430.0626230901998,429.9936856921371,431.09880746220824,430.6449864069855
1.560000000000001,-0.188986004867,0.0218508089252,2.98294885032,6.24245519342,0.0638999911899,0.0,-0.436915735651,-0.0922038989801,3.47237725969,-0.0538187547761,0.0575742310878,0.0,512.1649438014107,510.83348170079984,509.3343929985401,511.3699694754662
1.620000000000001,-0.21647688012,0.0155040050697,3.19332869377,6.23912677624,0.0673690142003,0.0,-0.479771499888,-0.119664370342,3.54002757798,-0.0590062028205,0.0582981174899,0.0,438.995513247141,439.0579349985479,438.9356905231616,438.5028287237345
1.680000000000001,-0.246646566387,0.00741835293718,3.40831944978,6.23510947017,0.0711627402928,0.0,-0.526233926722,-0.150211779371,3.62600309299,-0.0918071445234,0.0716093583953,0.0,445.5377486465178,446.62763082562384,445.72990155363306,443.03721695616264
1.740000000000001,-0.280006795239,-0.00280857125289,3.63293184065,6.22944935223,0.0752859694935,0.0,-0.586234160972,-0.191324536714,3.86021961947,-0.0999385853067,0.0622096570311,0.0,490.0481255680329,489.3519660721564,491.29927164349266,490.6893225388787
1.8000000000000012,-0.316639351631,-0.0153347509339,3.86596680187,6.22286718315,0.0792858752068,0.0,-0.635206392534,-0.226775158493,3.90736861561,-0.150519541621,0.0743447626542,0.0,434.91725130813126,435.9358949404822,437.5269789477688,433.28222003736045
1.8600000000000012,-0.35634222913,-0.0301652258934,4.10246905123,6.21358343577,0.0837700259046,0.0,-0.688641446889,-0.268444516119,3.97568322753,-0.164846444795,0.0755063222793,0.0,442.8625054311197,442.9624382923292,443.1831718737347,441.9809747608851
1.9200000000000013,-0.399369269522,-0.0477052936784,4.34338383905,6.20361330822,0.0883753779087,0.0,-0.746023929727,-0.317180378942,4.05438735861,-0.168950015557,0.0791432944476,0.0,446.65208353919616,446.953243994929,447.00205769068504,446.64125516893347
1.9800000000000013,-0.445832269479,-0.0682775009516,4.58787101924,6.19331241989,0.0927851380897,0.0,-0.803162770877,-0.369493007947,4.09488201114,-0.177786605228,0.0587397305659,0.0,436.24072655539004,434.537711487019,436.08163794618054,435.31375772358257
2.0400000000000014,-0.495880966347,-0.0922590173964,4.83557867544,6.18268762942,0.0965117105326,0.0,-0.865460841336,-0.430894193612,4.16162019089,-0.175704503099,0.0681139911707,0.0,444.33853518712596,445.10918812469464,444.4366589446175,444.5770689585764
2.1000000000000014,-0.549704047852,-0.120089425401,5.08684520303,6.17211311591,0.101105227882,0.0,-0.929042416183,-0.49775790339,4.21353731608,-0.177337274729,0.0895945013955,0.0,440.77242270530513,442.54876060101606,440.0438486934054,439.8783743915229
2.1600000000000015,-0.607681910672,-0.152404246578,5.3435775507,6.16175287418,0.106084969941,0.0,-1.00406256526,-0.580448100288,4.34345956164,-0.164683969788,0.0646043213035,0.0,466.61744821640144,464.66737912869974,465.9036699617322,466.86476719195105
2.2200000000000015,-0.670174877284,-0.189796582549,5.60723538981,6.15205122699,0.109521866802,0.0,-1.07937886453,-0.666899190782,4.44449620741,-0.156306766104,0.035664559078,0.0,460.20060024790337,457.90593365000683,458.01635865343354,458.6581342192341
2.2800000000000016,-0.737194700546,-0.2325025357,5.87638717814,6.142826676,0.111969547494,0.0,-1.15481354327,-0.757498402316,4.52666557518,-0.14905805821,0.0494653143082,0.0,453.80098454463337,454.90835733805756,453.66884263733976,454.2287533662124
2.3400000000000016,-0.808790300198,-0.28082125513,6.15038930061,6.1337652435,0.114516611111,0.0,-1.23195371408,-0.853952801034,4.6061548473,-0.155272104453,0.0222593031776,0.0,455.0850998921657,452.90280442654034,455.3082137276769,454.7898001743451
2.4000000000000017,-0.885275277393,-0.33538757437,6.43095167098,6.1244405626,0.115640666471,0.0,-1.31761745628,-0.965823265285,4.74506126889,-0.155690938566,0.0105401958145,0.0,473.8030076105141,472.9009923672174,474.61551015435873,474.56220138545666
2.4600000000000017,-0.966320190543,-0.396038005268,6.71467221051,6.11493307842,0.116146329685,0.0,-1.38395110065,-1.05664128734,4.71218679989,-0.164653865159,0.00382715564622,0.0,420.5614535670824,419.9794022143266,422.14883157704065,421.34919675006114
2.520000000000002,-1.05202406609,-0.463265829216,7.00202730185,6.10461151434,0.116445533302,0.0,-1.47280233856,-1.18525486378,4.86532355464,-0.193841405131,0.00721059658746,0.0,480.8390470657029,481.0952364731305,480.7572965973578,478.51346210931337
2.580000000000002,-1.14259309401,-0.537714202834,7.29450794572,6.09276694247,0.11707528729,0.0,-1.54621120477,-1.2973748282,4.88360300393,-0.205705545494,0.0163677393999,0.0,439.8469652321709,440.60467817179625,441.17716326935795,440.15765147326675
2.640000000000002,-1.23741999268,-0.618840436536,7.58666739839,6.08025057737,0.118211152021,0.0,-1.61479585859,-1.4078618485,4.85479744864,-0.215137341651,0.0236191926915,0.0,426.1467384859302,426.7662091600266,425.6106225873745,424.7573343088696
2.700000000000002,-1.33691906105,-0.707718615896,7.88142355504,6.06751491242,0.119608710884,0.0,-1.70192834337,-1.55593486808,4.96939503947,-0.207061710528,0.0226315006578,0.0,472.792772539395,472.71667219756074,471.8090249888024,472.3906084123896
2.760000000000002,-1.44105077038,-0.804616802331,8.17787996393,6.05494305339,0.121318417922,0.0,-1.7692883632,-1.67501004165,4.91230681449,-0.214983017765,0.0382007089344,0.0,418.22975870444066,419.5841248263317,419.3622857843649,418.6272587376021
2.820000000000002,-1.54984150776,-0.909949059269,8.47548822856,6.0422262444,0.123227709923,0.0,-1.85723453132,-1.8372076652,5.00694950897,-0.206486217851,0.0143092371519,0.0,470.2503057610352,468.39596886589635,468.32448233678167,468.94320233910133
2.880000000000002,-1.66325439181,-1.02392353518,8.77326687067,6.03046225685,0.124009151244,0.0,-1.92331241492,-1.96289280271,4.91894050195,-0.180767715742,0.0103211205934,0.0,410.9454384732899,410.59160018664875,409.67669849247056,411.91582970564986
2.940000000000002,-1.78126296884,-1.14685312583,9.07047195416,6.01989890169,0.124419468553,0.0,-2.01031863986,-2.13566786329,4.98701461801,-0.168002772573,-0.00124062371126,0.0,462.92288752781053,462.011972466191,463.2101472615287,464.1844672774029
3.000000000000002,-1.90378088069,-1.2788415779,9.36611487926,6.01062113346,0.124113304989,0.0,-2.07367752928,-2.26472847309,4.86785761184,-0.136291012942,-0.0142342033643,0.0,402.59477393224967,401.4172176638637,399.87055651908724,402.72324434291414
3.0600000000000023,-2.03074851256,-1.42011043577,9.65956378834,6.00268862623,0.123532407779,0.0,-2.15848585164,-2.44488857748,4.91304597637,-0.12509587408,-0.00185371169278,0.0,457.3591068326688,458.34437996959275,456.77922198434476,457.6556624548282
3.1200000000000023,-2.16268086517,-1.57206980299,9.95472417916,5.99545829607,0.123380199316,0.0,-2.23924299563,-2.62102032749,4.92505814837,-0.112628282089,-0.00393934832477,0.0,447.9980605210856,447.82846688751334,448.2914020234703,449.29047456907995
3.1800000000000024,-2.29911224034,-1.73392495575,10.2478377739,5.98904495145,0.123652012493,0.0,-2.30852846667,-2.77472685532,4.84529811104,-0.0973617414277,0.0176028707882,0.0,418.0523083535313,419.9255367941672,417.2202589192743,418.5403426477067
3.2400000000000024,-2.44021834713,-1.90628131738,10.5399815545,5.98303844347,0.124307987229,0.0,-2.39506667841,-2.9709314232,4.892042028,-0.106256485449,-0.00777365568782,0.0,462.38401600083483,460.3800792755493,461.3045379349077,460.59320661155067
3.3000000000000025,-2.58630414789,-2.08999373005,10.8331296181,5.97706321847,0.1242128198,0.0,-2.474449405,-3.15332774787,4.87907728973,-0.0887976939959,0.00856503992785,0.0,442.708980628033,444.05161385700455,442.60310337623,444.02919331083245
3.3600000000000025,-2.73708446998,-2.28457338955,11.1248518409,5.97141316513,0.124913317795,0.0,-2.55163720374,-3.3331329635,4.84461135269,-0.107956433392,0.0172641448954,0.0,436.65868182337294,437.38380541716606,438.1765485036246,436.5726922252031
3.4200000000000026,-2.89331692046,-2.49200701285,11.4204973599,5.96588325014,0.125789093855,0.0,-2.6561057109,-3.5816600617,5.00870079168,-0.0716099860583,0.00864100893337,0.0,501.01102776489404,500.3834454247494,499.9726935752494,502.6074928013836
3.4800000000000026,-3.05523419276,-2.71297689111,11.7213427554,5.96129356468,0.126286516187,0.0,-2.74117527442,-3.78435126792,5.01882190834,-0.0886880455841,0.00757969679309,0.0,455.6732255853939,455.58823744782046,457.49131153902806,456.1246047126787
3.5400000000000027,-3.22264489022,-2.94713839351,12.0255100249,5.95643423934,0.126556352824,0.0,-2.83914397881,-4.02133429007,5.11885337427,-0.0688711112383,-0.00251761379299,0.0,485.80043053312573,485.04249430966627,486.128393228145,487.6065036013106
3.6000000000000028,-3.39525631697,-3.19388752829,12.3304727158,5.95257002422,0.127060750567,0.0,-2.91464310605,-4.20406611144,5.04635430869,-0.0567057668881,0.0242740700454,0.0,431.19546713078404,433.45338861326246,432.4280592930696,433.4486638355628
3.660000000000003,-3.57262794739,-3.45221073484,12.6325729908,5.94964021966,0.128500126473,0.0,-2.99788284433,-4.40700564406,5.02313513479,-0.0364892971168,0.0234145671781,0.0,449.36035404977474,449.29071986508086,449.58493932066693,451.21878559420725
3.720000000000003,-3.75489887238,-3.72245312839,12.9322768543,5.94709809974,0.130337185332,0.0,-3.07798880313,-4.6013751817,4.96667515619,-0.0579674186485,0.0421092526388,0.0,438.52559995318285,440.07644971102326,441.1871433714378,439.4086552715649
3.780000000000003,-3.94216006076,-4.00478070919,13.2295379385,5.94342070203,0.134005212749,0.0,-3.16433517938,-4.80987797808,4.94141002241,-0.0689339291167,0.0843220845008,0.0,449.72977050996184,453.1390133393652,451.2947316002695,450.4058045641666
3.840000000000003,-4.13487914719,-4.3001966505,13.5265856491,5.93952965722,0.138724529598,0.0,-3.2600488569,-5.03760927254,4.9592018415,-0.0577334257711,0.0638306098345,0.0,468.2550131074844,466.66232359621586,465.53948610420355,466.41233801757375
3.900000000000003,-4.33329427641,-4.60903749234,13.8236821726,5.9359195348,0.142193458251,0.0,-3.35410233059,-5.25740609702,4.94325713192,-0.0655455455762,0.0417156051352,0.0,458.5314709720855,456.77290843045574,458.27602050701614,457.65202327376716
3.960000000000003,-4.53742227587,-4.93116781697,14.1197614864,5.93278247348,0.144489489269,0.0,-3.45037177552,-5.48060700631,4.92530714327,-0.0340412557803,0.0302829741345,0.0,458.3093449681313,457.4001920269468,458.52144534496034,461.0161027747645
4.020000000000002,-4.74730180645,-5.26660165006,14.4142109316,5.93036311314,0.146576226163,0.0,-3.54579852486,-5.7008167844,4.88908430267,-0.0574460527946,0.0425210852192,0.0,453.8839869515245,454.86583011868106,455.2163100023069,453.33814170603506
4.080000000000001,-4.96283150958,-5.61504232384,14.7056207493,5.92681746771,0.149238629378,0.0,-3.63877243686,-5.91430861043,4.82405567376,-0.0626109790246,0.0478410731817,0.0,445.9869085522917,446.4224399263583,446.16033971107447,445.73589389062386
4.14,-5.18348982813,-5.97522113441,14.9899059816,5.92278174256,0.152238843732,0.0,-3.71683190549,-6.09230545085,4.6522238019,-0.0787217109276,0.0540099806844,0.0,409.55451905400685,410.10479288844317,409.8229939505981,408.38410414011463
4.199999999999998,-5.40978224735,-6.34824201955,15.2692589057,5.91760025556,0.155425929337,0.0,-3.82649799623,-6.34213873985,4.6583944005,-0.109522275303,0.0512725589187,0.0,470.02599571564303,469.815425979274,472.96560060740927,470.58065884645566
4.259999999999997,-5.64215416186,-6.73509416403,15.5454814778,5.91107663932,0.158654080545,0.0,-3.9195279804,-6.55363231511,4.54850336057,-0.1071832229,0.0584332997973,0.0,435.10747415438465,435.7086926500372,433.4165895467561,433.60244958271244
4.319999999999996,-5.88081644922,-7.13624548526,15.8187509141,5.90416009049,0.162176069062,0.0,-4.03613404796,-6.81859576931,4.55907189657,-0.140929597178,0.0592273476751,0.0,477.63870885252544,477.70141641944565,475.97067890934954,473.36856659247456
4.379999999999995,-6.12593903282,-7.55208335187,16.0890462066,5.89613805607,0.165611156675,0.0,-4.1349214988,-7.04345119184,4.45002431583,-0.122184524551,0.0529757316711,0.0,439.33118928732506,438.81466866260223,438.87286382701024,440.409489115442
4.439999999999993,-6.37737399874,-7.98230225833,16.3544450707,5.88979834377,0.168568947818,0.0,-4.24648656289,-7.29780923747,4.3955081535,-0.0844834711368,0.0406812579536,0.0,460.717646968678,459.7456759533182,457.73514474184014,460.71622714648134
4.499999999999992,-6.63577271173,-8.42840674607,16.617571517,5.8857723117,0.170865517396,0.0,-4.36697475929,-7.57278913525,4.37414757106,-0.0452052436775,0.0329719199915,0.0,473.41055728449305,472.8174306212473,471.4043160542354,474.4268976028645
4.559999999999991,-6.90131228831,-8.89082193801,16.8785305984,5.88312158419,0.172717727933,0.0,-4.48451408478,-7.84148643087,4.32353628473,-0.0422016607162,0.0262960809479,0.0,466.3281102452386,465.8064611601364,465.6790321003704,465.9129820964869
4.6199999999999894,-7.17349373719,-9.36846069374,17.1339265699,5.88037940487,0.174180419037,0.0,-4.588426428,-8.08046992708,4.18926065566,-0.0538300117484,0.0202369453006,0.0,438.92474704850315,438.4215303516734,440.6617760327423,439.69788907677815
4.679999999999988,-7.45200699019,-9.86069496465,17.3814579363,5.87800882505,0.17531878378,0.0,-4.69554570121,-8.32801851488,4.06129838522,-0.020264218136,0.0163164544925,0.0,443.76085867630957,443.4387705043771,440.32519415330086,443.09308297971626
4.739999999999987,-7.73670302017,-10.3672844366,17.6197454993,5.87661246375,0.176214452378,0.0,-4.79457691869,-8.5590953089,3.88154767151,-0.0300940763237,0.0119950136258,0.0,424.91777410758436,424.5469296117032,425.97432780161313,425.13252891592384
4.799999999999986,-8.02755735314,-10.8882725098,17.8480838955,5.87461584894,0.176689896048,0.0,-4.90076798593,-8.80795034119,3.72939728004,-0.0405526713919,-0.00180513183972,0.0,435.8931142551118,434.7378580758311,435.9104890781866,435.03487141664937
4.859999999999984,-8.32526058811,-11.425335092,18.0694856231,5.8720923228,0.176455108843,0.0,-5.02272606169,-9.09478661208,3.64976296498,-0.0452543035161,-0.00850324280125,0.0,461.51925428659575,460.99019873403864,461.8163454643739,461.44434721651567
4.919999999999983,-8.63028488181,-11.9797310441,18.2858978349,5.86999096035,0.175585117743,0.0,-5.14478058226,-9.385779266,3.56310055531,-0.0199143569479,-0.030538812823,0.0,462.5401186864024,460.8010074999005,459.56174198948,461.5659111038812
4.979999999999982,-8.94228925314,-12.5509475475,18.495160212,5.86884447303,0.17406471021,0.0,-5.25544188334,-9.65566152965,3.41196118371,-0.0175426470922,-0.0165700661039,0.0,440.3464550409485,441.5007097936947,440.3293629103641,440.52563000699513
5.0399999999999805,-9.26145852163,-13.1396992252,18.6979151532,5.86782749984,0.172622773567,0.0,-5.38351699545,-9.97007189706,3.3455444508,-0.0157890520753,-0.0463387833387,0.0,471.79843891292546,469.49355771479935,470.45857019100873,470.59446851363896
5.099999999999979,-9.58792614562,-13.7465890206,18.8945184717,5.86738247439,0.169805570566,0.0,-5.49873473299,-10.2605345279,3.20745097626,0.00553706865436,-0.0482114032208,0.0,448.8052371689239,448.65187893856273,447.1932130027955,448.9276520955918
5.159999999999978,-9.92106358193,-14.3705244012,19.0814459274,5.86752356692,0.166845505141,0.0,-5.60593113377,-10.5384307144,3.02336776021,-0.00493365439989,-0.0516799198919,0.0,433.8916840564697,433.59871068816415,432.8649230626682,431.98254477494964
5.219999999999977,-10.2610712668,-15.0123805344,19.25960301,5.86686847436,0.164227026205,0.0,-5.72761287793,-10.8577346173,2.91448274929,-0.0269128640418,-0.0310982807871,0.0,459.026201404665,460.6559929861284,460.4540539524729,458.71151832686365
5.279999999999975,-10.6075924032,-15.6716786752,19.4267369089,5.86497506677,0.162313309023,0.0,-5.82332465044,-11.1203142337,2.65675035719,-0.0429988576848,-0.0335386079719,0.0,408.6493267260582,408.43119181203747,408.4438001691265,407.0056034762595
5.339999999999974,-10.9602891663,-16.3479910735,19.5805813287,5.86187755037,0.160603027,0.0,-5.93334502023,-11.4247434273,2.47083875993,-0.0807344390322,-0.019972123715,0.0,434.6369197618061,435.77254081119014,435.74908195524756,432.5796904851497
5.399999999999973,-11.3199108071,-17.0435989922,19.7248266703,5.85724825807,0.159885439863,0.0,-6.05410540552,-11.7634336924,2.33610425016,-0.0708189720458,0.000553691090877,0.0,453.32545321342434,454.97241151249295,454.18667980042494,454.97686149363045
5.4599999999999715,-11.6869500941,-17.7601766514,19.8616001752,5.85310894559,0.159924443954,0.0,-6.18063825462,-12.1237043688,2.22153578437,-0.0655599739361,0.000842146602317,0.0,464.61513594321707,464.637743056637,463.44371343933045,463.8536211002319
5.51999999999997,-12.0612150692,-18.4976176668,19.9890146545,5.84881099297,0.160369312329,0.0,-6.29507360698,-12.459139977,2.02462360691,-0.087945174296,0.0180825875873,0.0,438.2731352750463,439.70413429694776,439.91700349448564,438.0546108792651
5.579999999999969,-12.4430119183,-19.2571029069,20.1078683032,5.84310876571,0.161069515795,0.0,-6.43159233622,-12.8582886755,1.93508142467,-0.115563174277,-0.00598036607775,0.0,478.72134917550085,476.8861937036078,480.0841985269276,477.97603394174973
5.639999999999968,-12.8325166815,-20.0394955838,20.2181535186,5.83583147087,0.161072706692,0.0,-6.55203064666,-13.2230597195,1.73952664755,-0.136312311986,0.00999441180017,0.0,446.22123102917783,447.5238749422565,448.45073821246,446.74804243223815
5.699999999999966,-13.2288119614,-20.8428608979,20.3137956532,5.82734604276,0.161744979963,0.0,-6.65807089789,-13.5576248942,1.44739087347,-0.154341300205,0.0135211662009,0.0,416.17756919109087,416.4861460796107,416.37555715428675,414.774185639023
5.759999999999965,-13.6320058148,-21.6679856759,20.3943174487,5.81801855589,0.163191470994,0.0,-6.78188645426,-13.9482225251,1.23456087052,-0.157787755383,0.0396089614997,0.0,447.2572330564746,449.37773703856305,448.5731605198713,448.2704679019674
5.819999999999964,-14.0426258698,-22.516779884,20.461408373,5.80838157231,0.165829678428,0.0,-6.90567987085,-14.3466635607,0.99955690296,-0.16696772276,0.051509844756,0.0,444.52227793416665,445.4978590219957,446.90357836771085,446.1299376403943
5.879999999999963,-14.4613340096,-23.3915105396,20.5171690989,5.79852000355,0.168600582576,0.0,-7.05139836588,-14.8125640674,0.855806405741,-0.159601851687,0.0325262153708,0.0,484.34065916423054,482.9113634749893,481.93468557678597,482.4678114730939
5.939999999999961,-14.8886130422,-24.2939784497,20.5626184692,5.78936542374,0.170356935149,0.0,-7.19135404302,-15.271445981,0.656166052478,-0.141324605618,0.0218092340781,0.0,471.64308411132157,470.81454447733836,471.1433478548918,472.5341245167847
5.99999999999996,-15.3245836692,-25.2250915467,20.5968704029,5.7804409753,0.171351760832,0.0,-7.34103442376,-15.7674018644,0.482178952018,-0.170777791747,0.00325423804056,0.0,487.3795674459828,485.9902021470696,488.6161139103622,486.3952240719376
6.059999999999959,-15.768930887,-26.1846354327,20.6169222063,5.77009923024,0.17127179891,0.0,-7.47063396117,-16.219530184,0.183434424221,-0.175731384896,-0.0126026191387,0.0,453.3013678353823,452.02484718638095,451.3391505577424,450.9109289205243
6.1199999999999575,-16.2212347354,-27.1722168096,20.6193032216,5.76002051733,0.17088438503,0.0,-7.6061867475,-16.7020367784,-0.107219429094,-0.155801613964,0.00363714188579,0.0,461.5339989202767,462.81455992254024,460.55199204507227,462.1000360591762
6.179999999999956,-16.681457173,-28.1885491209,20.6024736009,5.75066973742,0.171703049607,0.0,-7.73472018078,-17.1781745019,-0.456671756828,-0.155935802018,0.0285052279555,0.0,447.0612952840469,449.0837751620759,448.2613375276708,448.22768007808133
6.239999999999955,-17.1490320727,-29.2327988088,20.5621116242,5.74233440897,0.173801335902,0.0,-7.85142005096,-17.6330172255,-0.891212669892,-0.117339373487,0.0454957749263,0.0,421.99223146986685,423.45758569960293,422.3919485376427,425.6887990160484
6.299999999999954,-17.6241307778,-30.306271631,20.4973804127,5.73532286754,0.176989840617,0.0,-7.9854926256,-18.1522791347,-1.2696914494,-0.115916104815,0.065195005009,0.0,450.9239195125539,452.51488734479574,450.84047521340085,450.94349061351704
6.359999999999952,-18.1067548226,-31.4098083458,20.4065181867,5.7282611925,0.18051963626,0.0,-8.10239223761,-18.6357313625,-1.76167430319,-0.121508591399,0.0413802740038,0.0,417.9921746367002,415.91314037268575,415.18836759544075,414.683639025278
6.419999999999951,-18.5975666326,-32.5462201512,20.2906546869,5.72093366702,0.183180875125,0.0,-8.25815251932,-19.2476450499,-2.10489414779,-0.123387262708,0.0497201437359,0.0,478.8223543388293,479.4576030375582,479.47441415040754,479.3193093728558
6.47999999999995,-19.097701414,-33.7198117793,20.1530286569,5.71379551901,0.186241173963,0.0,-8.41318632343,-19.8753545568,-2.48728699986,-0.111348415277,0.0534573772245,0.0,476.9110196997686,477.19796314892994,475.2118260925865,476.12234472847143
6.5399999999999485,-19.6066144679,-34.9301493841,19.9890029097,5.70768760055,0.189685936824,0.0,-8.5509212725,-20.473310563,-2.98422704905,-0.0874655423151,0.0643344580466,0.0,446.0642289730193,446.95423571348124,443.8250655253538,445.7725452056358
6.599999999999947,-20.1240738118,-36.1778165746,19.7952518816,5.70256953432,0.193811429005,0.0,-8.69808083855,-21.1200106171,-3.47859074779,-0.0812925166945,0.0763903588278,0.0,455.3450792406178,456.3123504969799,458.0941216646918,458.5792000787262
6.659999999999946,-20.6496346457,-37.4629744337,19.5675107735,5.6974495099,0.198896889313,0.0,-8.82114081515,-21.7240121866,-4.11654743947,-0.0949686652972,0.0976991297382,0.0,412.09686487577613,413.98342547000385,412.5000674907223,411.28321528123007
6.719999999999945,-21.1829484352,-38.7862149984,19.3017673457,5.69202766529,0.2053250565,0.0,-8.95644813681,-22.3895626633,-4.74636374152,-0.0824639558846,0.121339475354,0.0,426.02022774836894,428.0481015564059,427.07259724017536,428.1311170386517
6.779999999999943,-21.7257089802,-40.1538345542,19.0021077443,5.68649451519,0.212723059576,0.0,-9.13590080653,-23.2030011675,-5.24914047951,-0.132909276548,0.126954708229,0.0,488.953664867814,489.3842237182165,489.88039628655895,486.1055462581474
6.839999999999942,-22.2785507108,-41.5694133318,18.6679923303,5.67902593732,0.220468583877,0.0,-9.29242365042,-23.9888626776,-5.8951160825,-0.11145924004,0.133052630425,0.0,453.1353877204028,453.64041238807386,453.81289961702845,455.51822703295153
6.899999999999941,-22.8405276845,-43.032609935,18.2925163404,5.67215321861,0.228590132277,0.0,-9.44048289056,-24.7913030899,-6.62789480383,-0.121561669676,0.139609065184,0.0,439.265258456176,439.826001499686,439.10516864363433,438.25389528866214
6.95999999999994,-23.4111411081,-44.5446376196,17.8704719821,5.66456390033,0.237803567593,0.0,-9.58027988455,-25.6173675913,-7.44799870136,-0.13880965434,0.172442537232,0.0,422.4011796677281,425.24732183312216,425.53642702623546,424.0409231499976
7.019999999999938,-23.9908665859,-46.1094257631,17.3997885631,5.65736238514,0.248434711055,0.0,-9.7440893171,-26.5502966522,-8.25104404225,-0.0970306198405,0.185284991956,0.0,454.1290360197654,455.1878258038281,452.14348071262066,455.4847625335194
7.079999999999937,-24.580252772,-47.7314381369,16.8782707637,5.65130045507,0.25929327804,0.0,-9.90241554875,-27.5264357987,-9.14279965728,-0.110551357726,0.170568431311,0.0,445.9278931754993,444.7548918382829,445.65572310366775,444.5396764833419
7.139999999999936,-25.1799922976,-49.4158211326,16.3035622921,5.64506800407,0.269216941824,0.0,-10.0890047443,-28.6299494241,-10.0261933169,-0.0930748266848,0.152273967187,0.0,477.7760394400195,476.4023171306471,475.6424495122844,476.97089390536985
7.1999999999999345,-25.7897437021,-51.1660332122,15.6698593959,5.64003898415,0.278120552432,0.0,-10.2364093228,-29.7234226728,-11.108914581,-0.0698187617836,0.139224127201,0.0,430.557856067679,429.4730908829418,429.24145578007716,431.2053968270932
7.259999999999933,-26.4089002123,-52.9856353251,14.970078977,5.63612286658,0.286130789948,0.0,-10.402530148,-30.9448655601,-12.2304547602,-0.0574477537314,0.1184992889,0.0,449.8619752577954,448.1956987008934,447.5946157498181,448.59768102319185
7.319999999999932,-27.0366987327,-54.8788348692,14.1963917117,5.63231093812,0.293779969513,0.0,-10.5248138844,-32.1799812839,-13.5728322607,-0.0798910868442,0.141163987837,0.0,392.0085876252462,394.1271679251822,394.5474640625204,392.4647786764736
7.379999999999931,-27.6732919918,-56.8526073868,13.3426469086,5.62790305314,0.302410121352,0.0,-10.6952438463,-33.6319238562,-14.9031281963,-0.0629969226154,0.148700340314,0.0,443.7861086870335,444.4238919697894,443.6768470922766,445.05818818545
7.439999999999929,-28.3192428899,-58.9158753449,12.4029586882,5.62382481542,0.312039427228,0.0,-10.8369582493,-35.1671594107,-16.4393583183,-0.080450491623,0.177248012856,0.0,408.5322585503033,411.0974653514345,411.2528718641744,409.698991815548
7.499999999999928,-28.9751035853,-61.0787338511,11.3700733581,5.61892906445,0.32301195396,0.0,-11.0251174813,-36.95415026,-18.0148929718,-0.0839894383461,0.192241599105,0.0,455.7272937490707,456.9560008228955,456.54768252649575,456.2598772284848
7.559999999999927,-29.6427755563,-63.3553484134,10.2385544307,5.61363095424,0.334377253772,0.0,-11.2304492097,-38.9633081145,-19.7320597959,-0.0987306494549,0.183094207502,0.0,473.72437443166274,473.0525266797303,472.6894400551028,471.54536708084345
7.6199999999999255,-30.3219536007,-65.7576677482,8.99589549847,5.6073421782,0.345087867327,0.0,-11.4085531567,-41.1502266066,-21.7246996052,-0.121155235759,0.167271778273,0.0,450.40602548808096,449.153946754882,449.65129240501415,447.82007266274246
7.679999999999924,-31.0107429889,-68.2972608895,7.62396415949,5.60004002657,0.355875613143,0.0,-11.5506976026,-43.5463312303,-24.0478867241,-0.122819071406,0.197299772128,0.0,415.5400372561522,418.19834271533153,418.38197108529556,418.22258644780067
7.739999999999923,-31.7087917273,-70.9914453962,6.10531621833,5.59323412052,0.3685649736,0.0,-11.7168711418,-46.3122772628,-26.6249695057,-0.0992866410495,0.230592474279,0.0,442.33474853689734,445.1124752502377,441.7846123032562,443.71005418360386
7.799999999999922,-32.4176588566,-73.8647305507,4.4228790485,5.58684166967,0.381998199776,0.0,-11.9111334347,-49.5288591452,-29.5195496541,-0.127814693369,0.205087631482,0.0,471.2172031665686,469.2863068735242,473.15740160338527,470.9449409541493
7.85999999999992,-33.1371584517,-76.9439265752,2.55130328076,5.58010948255,0.39422987905,0.0,-12.0710454122,-53.1922547617,-32.9453079799,-0.0918071413336,0.201293084819,0.0,450.1702844627252,449.90314821819584,447.29553527508716,450.20837103096676
7.919999999999919,-33.8672852708,-80.2629425332,0.459111236315,5.57441882721,0.406369888129,0.0,-12.2653503062,-57.5463488229,-36.8945578394,-0.101734838278,0.204333773664,0.0,481.6119616217476,481.8786766607664,481.82565538584396,481.06712139034806
7.979999999999918,-34.6071606586,-83.8640244586,0.0,5.56853011097,0.418698635897,0.0,-12.3960543581,-62.6268942972,-41.7128775262,-0.0917947392282,0.207673037067,0.0,439.3235442544358,439.64250143510725,438.9652196653762,439.78146793326846
